0.7262432699679598
0.8173253595909687
0.7680226893946634
0.5581611914365372
0.2060331540210327
0.5588847946184151
0.9060270660119257
0.44217787331071584
0.9775497531413798
0.27370445768987034
0.29190628476995334
0.4673147003479836
0.6326590728166788
0.4695118784296847
0.9821512531406019
0.030366990729406004
0.8623701538249712
0.9953470812157481
0.6771811492169189
0.3145917930242567
0.8169079086822029
0.8480517830923441
0.9919021753556571
0.032625198379450104
0.6999419837724147
0.5262841426424143
0.934018658909024
0.6876202824933548
0.5468154342597422
0.081109949891041
0.18712457417842213
0.4533271852197718
0.2971718657282981
0.9885437791182398
0.6426974728902325
0.7629635882391425
0.03039429291635486
0.38100450689951165
0.3431418446559188
0.9574551656644117
0.5051292127487851
0.715972512362512
0.1189577291342233
0.2734514834701323
0.9070979500688138
0.7947655938541357
0.3371603392703274
0.4572087877696421
0.1468250402933103
0.22131473953896888
0.41007327959410533
0.7187268327543171
0.6198302836249724
0.4879680524989814
0.19491343674944409
0.8781914868756158
0.8254231842353117
0.7353974910152133
0.8582192076641224
0.6797490113786184
0.6248661357093911
0.21840678351857085
0.8953624390509736
0.8964398032503388
0.08657988351144823
0.8385790995501816
0.17014283461968546
0.644115293698439
0.8268144055394523
0.21918766490145944
0.9999726978130511
0.48136564692545947
0.6522052365598293
0.7197259835525072
0.8094625802754716
0.10093539631969081
0.7290940539581208
0.7184506918855248
0.12552724831063639
0.9051763899182791
0.18912380337208687
0.47680987113938195
0.5407952422000446
0.32550069472077336
0.6710366702969357
0.468397741424105
0.8334969015947994
0.8092038132293168
0.7936303423687957
0.7645059860146167
0.9375404040038308
0.2949968019011416
0.5227852992353892
0.6633928332773004
0.33258902995502065
0.2867224292302143
0.8206100733115385
0.2225179258838845
0.1868715999586841
0.06851885051863214
0.6246227592344502
0.6930450455718884
0.6303943822301898
0.9276373753918509
0.22134204172591773
0.9287076326686459
0.0665215961944878
0.9001043000724652
0.6785054722235098
0.09397804042975327
0.149097432917495
0.10697249234978691
0.6098702427045769
0.9530428177458433
0.4906252080065316
0.1480562645700091
0.6776115413185263
0.5698617443302002
0.2254031329534031
0.6181821420873432
0.0050821979553821485
0.3609390213903687
0.8504849513296433
0.062308419524835616
0.2816472608976286
0.7049758959119096
0.9585803476900702
0.988812403282529
0.38713695359748646
0.5227401510452573
0.2803253230081523
0.5065761280742362
0.5315790919268406
0.057008397792004235
0.2805536306838289
0.4960787578001985
0.8464154889091922
0.6131578668081936
0.1041586529948556
0.7423290376282898
0.4018761452296172
0.9333926015223342
0.13069834100580696
0.6996523019390424
0.6154085530971217
0.8305679116540439
0.6851265591965646
0.5697424814895459
0.17276762527076883
0.18453276538501157
0.609110887911688
0.2507483289813382
0.9971147929304814
0.5686894578713408
0.06343665256325
0.2636837378440815
0.842560094242245
0.5680859627053542
0.6459901144942223
0.5163661458140082
0.9701272849785757
0.07770919291195888
0.5129673464749788
0.15576532117825248
0.813652717421601
0.6425213048432588
0.5753934004229463
0.5528618449125727
0.6724891870620144
0.994546450206333
0.30164077566081693
0.0644536745103326
0.46570309133534465
0.4830740953251133
0.216305996857726
0.07168959643304795
0.23024068038456175
0.15083264939060093
0.44689986642771395
0.4510793492435847
0.019849336715344962
0.3888378662005243
0.8160447780117601
0.2026041882124749
0.9136292631335693
0.02957699402681412
0.5094613351437549
0.9628896340554998
0.9935717452287542
0.016869892839747432
0.6535186635579535
0.27832952620383794
0.9671677523139715
0.5877925071808474
0.7722017526497141
0.3241669523176583
0.42042525504735545
0.9749330198275544
0.8859995845174415
0.972887248253863
0.25517451123109763
0.13226471428399195
0.8972532944275314
0.17822117506443577
0.8828919897241946
0.5446572134013554
0.7850452376459935
0.5140406976053681
0.3523834610136149
0.9917470561302021
0.03344305745951974
0.6917274448516441
0.12118609627764025
0.19491076525063755
0.4965168090986632
0.5812894187780514
0.26166441490019876
0.3103631582625039
0.24213605804468322
0.7840757233947868
0.13305996969950384
0.6125037663674465
0.5592900996838185
0.6556192942222671
0.3410277866483795
0.023311249456978985
0.0972859221963612
0.8779105841544972
0.7108723426753992
0.8921390445400676
0.6512643413856926
0.25530766055700727
0.26483306487315944
0.474012618173851
0.1959048380124871
0.887584622431353
0.49158457177299286
0.6378236029473243
0.31971219848828025
0.36897204973221387
0.24453175638082053
0.9954206375383868
0.6105061730418848
0.0018246890985521903
0.9834268353802277
0.9617912187063095
0.1571434299261977
0.7722569870633339
0.09127569808218428
0.19091233387166276
0.06250253741745955
0.11006209678485156
0.7327969617828712
0.10192386112265468
0.8398272785543591
0.6426707448636511
0.5729746146001735
0.24163400020526443
0.8371933884160563
0.8595807402672156
0.4473712912049942
0.9071346534914965
0.8031683549299689
0.4602444164735472
0.34048271474450953
0.7781353969025124
0.4268943799784847
0.6471734781037892
0.9990059272381505
0.6089321866673102
0.08970484700505847
0.6238408119528744
0.9906509597742236
0.8731640083124693
0.5395439670139662
0.13763933216111704
0.0019975933255616547
0.5574654105852662
0.6721924588420394
0.3792365679420701
0.8661678195307813
0.32502893513302733
0.7866348860723129
0.5199600088037364
0.8296365071226082
0.541202244600841
0.522510698774136
0.16290920375050474
0.6341853396194919
0.553234093148836
0.31461000783117954
0.24995057156772846
0.8006302145312681
0.4601314582210646
0.9216007585272197
0.3373971028893241
0.19225228260841792
0.15026175656833768
0.6613419743540426
0.20529143847771522
