C:\Users\09nhn\AppData\Local\Programs\Python\Python38-32\python.exe C:/Users/09nhn/OneDrive/Documents/Uni/ISM/ETF_python/run.py
1.1716557786523358
1.5008413318929164
1.152749541532641
1.1309549079039936
1.1284937758171334
1.1089539478242811
1.141360675947854
1.01228730182795
1.0428852245775142
1.0974000150148977
1.1552326843114888
0.9171687688234731
1.2742175234646989
0.941113780628003
1.0429712806256601
0.9202656754561432
1.1841339546809095
1.0167194552617174
1.0116281536544756
1.1920786684359397
1.4968477878564506
1.2788102158806938
1.0370433549514382
0.8754262649215772
1.1315338555258454
1.0302091025250415
1.0787629457375207
1.0863885100147974
1.0016453248560333
0.8995910555572356
1.1608958967354015
0.9374964172672431
1.1832716540959818
1.037057946466534
1.244355060837906
1.1618045396163432
0.9202656754561432
1.0928863996942626
1.218528463154974
1.0388114573948979
0.9574751977609988
1.14358124788602
1.0188138758557161
1.0974000150148977
1.1453881023318777
1.2107516506231348
1.2208629148338337
0.9450456956341313
1.0269132661232288
1.1091904292836028
1.036322173097805
1.1355997139642755
1.190009060704604
0.8707145940599861
1.1935207875738225
1.1517945623096908
1.365241899101347
1.15444531141355
1.252207720729441
1.0213535474385613
1.2064874676665138
1.1438839020983336
1.1890395679221433
1.1822942249377053
0.8847369415366606
1.2923856667052207
1.0746167435390683
1.195416960018794
1.3183668854108448
1.1278030804739176
0.997687836375057
0.8766252970198305
1.198105559107325
1.1443147730949548
1.2325018571763193
0.9381409472354445
1.1919786457473949
1.1355997139642755
1.0823826717020342
1.1366539916880696
1.1803097087611238
0.8850308752871914
0.9966904330033737
1.192310346589973
0.9530637352513707
0.9250708780439154
1.3089545203376498
1.2405783815746472
1.1790279531493497
1.143491637242921
1.067167857803691
1.1664032866169076
1.021292509471595
1.0068643881887955
1.2078075346911161
1.1575920199828837
1.397069261522946
1.10495132545533
1.1482531695116345
0.8833952127725513
1.2086636944142382
1.0950926184392347
1.2951595442989356
1.1062248145525748
1.1091904292836028
1.108014112665384
0.8848300247354345
1.1544730544318564
1.0240009663076242
0.9026613437875264
1.0185340344643223
0.9659759249025233
1.186027774222797
1.0380003610667614
0.8700867175208636
1.0446615862851736
1.0273093201643255
1.0871983413109687
1.1123673049104057
1.2006143135652707
1.1308439839107058
1.1356788782101699
1.2367071708278377
0.899119315838152
1.12030865028114
1.0753844234569114
1.0480516924864223
1.0304293936842237
1.1034957428074141
1.021292509471595
1.1264269232783728
0.9913921130705927
1.046436534642242
0.919837433872912
1.1264269232783728
0.930032521771962
1.3024719305605048
1.186490325441179
0.9681071884675958
1.1353415581598285
1.0476986035809546
1.0900515075457171
1.1043833921870472
1.1315338555258454
1.1962106640767929
1.322892083885271
1.0386774136431483
1.0871983413109687
1.0486974438875967
1.1586812758433545
1.1876772671867908
1.1873544794167088
0.9988363160404778
1.094136168237599
0.9228940973482118
1.1387073371330636
1.2966534915007726
1.094136168237599
1.17806627817192
0.995913987925102
1.0654589622557813
0.9063947985072136
0.9861526214143269
1.019186791701693
1.2453907167943594
1.244355060837906
1.1027295368282652
1.077664218215507
0.9771557574528327
1.0240792131474692
1.1670467389063321
0.9025676474286661
0.910799168138859
0.8570029762959606
1.1269698840853555
0.9078507313496631
1.1271287956926086
1.0204257343471697
0.978489710911162
0.9462152919686109
1.0118172527772313
1.1031925768349187
1.4802840427486053
1.1704567815309774
1.1288332027622545
0.9242373052484321
0.9476445752085151
1.0893401184666782
1.0142600935990282
1.0122728424650196
1.1908700530400895
1.1279839768437407
1.0684808131156411
1.142877706200331
1.1564902329809001
1.189721823621731
1.0203329370526302
1.0464394340204588
1.1308785698382362
1.0627497144393345
1.1431198701318694
1.0935125782049941
1.1715959973372885
1.0855666831425317
1.1417610681088737
0.9886380492392004
1.1576803947102008
0.9869732486358913
1.1461123473378798
1.0370433549514382
0.9039526731226901
1.0967836026016462
1.0302581444794159
1.1935207875738225
0.9307702694463851
1.0914557908139617
1.1425930910714726
1.1844451697856426
1.1570154150186582
1.1587893078861984
1.0715236198112845
1.1986092493626623
1.0920111867343953
1.1534500521712274
1.234150708587613
0.9888377229072308
0.9093158966699142
1.1517945623096908
1.1411200526144056
1.1363287806562439
1.202411912534033
1.1431198701318694
1.127045348478621
0.9149558673278768
1.179862326933392
1.1438683768992335
0.8674270234923412
1.2750313089280962
1.171980386766021
1.0947914431209416
1.1654051366938394
1.0167194552617174
1.1728274864009294
1.1345197082231593
1.0309300192533823
1.069188982461364
1.034108136430955
1.1564902329809001
0.9052537475353617
1.1668262615993112
0.9003243269996135
0.9758532709098506
1.1807378113717686
0.9581371598432011
1.3062677936694933
1.244355060837906
1.0851599299931316
1.1554644195733879
1.3149107491272871
1.2578680234530215
0.9764061745926297
1.1453881023318777
1.209540957438963
0.9347255860951477
1.2268383239753131
1.1392167038822598
1.0150083294015904
1.166344782446368
0.9992844125386976
1.1876772671867908
0.8973550020859633
1.212857945135208
1.032723674852724
1.1754905662759347
0.9863948642464417
1.1075118498895957
1.1345197082231593
1.1213737934240795
0.9559253553429636
1.08899248680429
1.177856015402336
1.1958295859949268
1.1622007455534515
1.0269760694475012
1.312672922267958
0.9909287218328531
1.0397600465446821
1.0268228585439005
1.3070004825095638
1.0684213179452686
1.1920786684359397
1.1580106273154729
1.2029863433270895
0.9347255860951477
1.11769949507304
1.224754716047573
1.1691376079450975
1.0251362927761354
1.0727863617074298
1.1210097752241581


1.0981088512157446
0.8707083152945949

Process finished with exit code 0
